{
 "cells": [
  {
   "cell_type": "markdown",
   "id": "8975e9f3-8d50-4e12-889a-3139fe58d0e3",
   "metadata": {},
   "source": [
    "# Import libraries and dataset"
   ]
  },
  {
   "cell_type": "code",
   "execution_count": 1,
   "id": "62f801c4-2983-4dfd-90a4-4dc5ce30e131",
   "metadata": {
    "id": "b70MgndR65Rs"
   },
   "outputs": [],
   "source": [
    "# KNN Classification\n",
    "import pandas as pd\n",
    "from sklearn.model_selection import KFold, cross_val_score, GridSearchCV\n",
    "from sklearn.neighbors import KNeighborsClassifier\n",
    "import seaborn as sns\n",
    "import matplotlib.pyplot as plt\n",
    "import warnings\n",
    "warnings.filterwarnings(\"ignore\")"
   ]
  },
  {
   "cell_type": "code",
   "execution_count": 2,
   "id": "eb71ec5d-f1f1-4fe9-91e4-861d4b34d6bb",
   "metadata": {},
   "outputs": [
    {
     "data": {
      "text/html": [
       "<div>\n",
       "<style scoped>\n",
       "    .dataframe tbody tr th:only-of-type {\n",
       "        vertical-align: middle;\n",
       "    }\n",
       "\n",
       "    .dataframe tbody tr th {\n",
       "        vertical-align: top;\n",
       "    }\n",
       "\n",
       "    .dataframe thead th {\n",
       "        text-align: right;\n",
       "    }\n",
       "</style>\n",
       "<table border=\"1\" class=\"dataframe\">\n",
       "  <thead>\n",
       "    <tr style=\"text-align: right;\">\n",
       "      <th></th>\n",
       "      <th>animal name</th>\n",
       "      <th>hair</th>\n",
       "      <th>feathers</th>\n",
       "      <th>eggs</th>\n",
       "      <th>milk</th>\n",
       "      <th>airborne</th>\n",
       "      <th>aquatic</th>\n",
       "      <th>predator</th>\n",
       "      <th>toothed</th>\n",
       "      <th>backbone</th>\n",
       "      <th>breathes</th>\n",
       "      <th>venomous</th>\n",
       "      <th>fins</th>\n",
       "      <th>legs</th>\n",
       "      <th>tail</th>\n",
       "      <th>domestic</th>\n",
       "      <th>catsize</th>\n",
       "      <th>type</th>\n",
       "    </tr>\n",
       "  </thead>\n",
       "  <tbody>\n",
       "    <tr>\n",
       "      <th>0</th>\n",
       "      <td>aardvark</td>\n",
       "      <td>1</td>\n",
       "      <td>0</td>\n",
       "      <td>0</td>\n",
       "      <td>1</td>\n",
       "      <td>0</td>\n",
       "      <td>0</td>\n",
       "      <td>1</td>\n",
       "      <td>1</td>\n",
       "      <td>1</td>\n",
       "      <td>1</td>\n",
       "      <td>0</td>\n",
       "      <td>0</td>\n",
       "      <td>4</td>\n",
       "      <td>0</td>\n",
       "      <td>0</td>\n",
       "      <td>1</td>\n",
       "      <td>1</td>\n",
       "    </tr>\n",
       "    <tr>\n",
       "      <th>1</th>\n",
       "      <td>antelope</td>\n",
       "      <td>1</td>\n",
       "      <td>0</td>\n",
       "      <td>0</td>\n",
       "      <td>1</td>\n",
       "      <td>0</td>\n",
       "      <td>0</td>\n",
       "      <td>0</td>\n",
       "      <td>1</td>\n",
       "      <td>1</td>\n",
       "      <td>1</td>\n",
       "      <td>0</td>\n",
       "      <td>0</td>\n",
       "      <td>4</td>\n",
       "      <td>1</td>\n",
       "      <td>0</td>\n",
       "      <td>1</td>\n",
       "      <td>1</td>\n",
       "    </tr>\n",
       "    <tr>\n",
       "      <th>2</th>\n",
       "      <td>bass</td>\n",
       "      <td>0</td>\n",
       "      <td>0</td>\n",
       "      <td>1</td>\n",
       "      <td>0</td>\n",
       "      <td>0</td>\n",
       "      <td>1</td>\n",
       "      <td>1</td>\n",
       "      <td>1</td>\n",
       "      <td>1</td>\n",
       "      <td>0</td>\n",
       "      <td>0</td>\n",
       "      <td>1</td>\n",
       "      <td>0</td>\n",
       "      <td>1</td>\n",
       "      <td>0</td>\n",
       "      <td>0</td>\n",
       "      <td>4</td>\n",
       "    </tr>\n",
       "    <tr>\n",
       "      <th>3</th>\n",
       "      <td>bear</td>\n",
       "      <td>1</td>\n",
       "      <td>0</td>\n",
       "      <td>0</td>\n",
       "      <td>1</td>\n",
       "      <td>0</td>\n",
       "      <td>0</td>\n",
       "      <td>1</td>\n",
       "      <td>1</td>\n",
       "      <td>1</td>\n",
       "      <td>1</td>\n",
       "      <td>0</td>\n",
       "      <td>0</td>\n",
       "      <td>4</td>\n",
       "      <td>0</td>\n",
       "      <td>0</td>\n",
       "      <td>1</td>\n",
       "      <td>1</td>\n",
       "    </tr>\n",
       "    <tr>\n",
       "      <th>4</th>\n",
       "      <td>boar</td>\n",
       "      <td>1</td>\n",
       "      <td>0</td>\n",
       "      <td>0</td>\n",
       "      <td>1</td>\n",
       "      <td>0</td>\n",
       "      <td>0</td>\n",
       "      <td>1</td>\n",
       "      <td>1</td>\n",
       "      <td>1</td>\n",
       "      <td>1</td>\n",
       "      <td>0</td>\n",
       "      <td>0</td>\n",
       "      <td>4</td>\n",
       "      <td>1</td>\n",
       "      <td>0</td>\n",
       "      <td>1</td>\n",
       "      <td>1</td>\n",
       "    </tr>\n",
       "  </tbody>\n",
       "</table>\n",
       "</div>"
      ],
      "text/plain": [
       "  animal name  hair  feathers  eggs  milk  airborne  aquatic  predator  \\\n",
       "0    aardvark     1         0     0     1         0        0         1   \n",
       "1    antelope     1         0     0     1         0        0         0   \n",
       "2        bass     0         0     1     0         0        1         1   \n",
       "3        bear     1         0     0     1         0        0         1   \n",
       "4        boar     1         0     0     1         0        0         1   \n",
       "\n",
       "   toothed  backbone  breathes  venomous  fins  legs  tail  domestic  catsize  \\\n",
       "0        1         1         1         0     0     4     0         0        1   \n",
       "1        1         1         1         0     0     4     1         0        1   \n",
       "2        1         1         0         0     1     0     1         0        0   \n",
       "3        1         1         1         0     0     4     0         0        1   \n",
       "4        1         1         1         0     0     4     1         0        1   \n",
       "\n",
       "   type  \n",
       "0     1  \n",
       "1     1  \n",
       "2     4  \n",
       "3     1  \n",
       "4     1  "
      ]
     },
     "execution_count": 2,
     "metadata": {},
     "output_type": "execute_result"
    }
   ],
   "source": [
    "data = pd.read_csv('C:/Users/HP/Desktop/ExcelR/Data Science/Python/Assignments/KNN/Zoo.csv')\n",
    "data.head()"
   ]
  },
  {
   "cell_type": "code",
   "execution_count": 3,
   "id": "1d823f33-ebe6-48d4-8ed8-6c4a360fa0b0",
   "metadata": {},
   "outputs": [
    {
     "name": "stdout",
     "output_type": "stream",
     "text": [
      "<class 'pandas.core.frame.DataFrame'>\n",
      "RangeIndex: 101 entries, 0 to 100\n",
      "Data columns (total 18 columns):\n",
      " #   Column       Non-Null Count  Dtype \n",
      "---  ------       --------------  ----- \n",
      " 0   animal name  101 non-null    object\n",
      " 1   hair         101 non-null    int64 \n",
      " 2   feathers     101 non-null    int64 \n",
      " 3   eggs         101 non-null    int64 \n",
      " 4   milk         101 non-null    int64 \n",
      " 5   airborne     101 non-null    int64 \n",
      " 6   aquatic      101 non-null    int64 \n",
      " 7   predator     101 non-null    int64 \n",
      " 8   toothed      101 non-null    int64 \n",
      " 9   backbone     101 non-null    int64 \n",
      " 10  breathes     101 non-null    int64 \n",
      " 11  venomous     101 non-null    int64 \n",
      " 12  fins         101 non-null    int64 \n",
      " 13  legs         101 non-null    int64 \n",
      " 14  tail         101 non-null    int64 \n",
      " 15  domestic     101 non-null    int64 \n",
      " 16  catsize      101 non-null    int64 \n",
      " 17  type         101 non-null    int64 \n",
      "dtypes: int64(17), object(1)\n",
      "memory usage: 14.3+ KB\n"
     ]
    }
   ],
   "source": [
    "data.info()"
   ]
  },
  {
   "cell_type": "code",
   "execution_count": 4,
   "id": "d7d2e9ac-98b4-4281-8054-422e1a753ff1",
   "metadata": {},
   "outputs": [
    {
     "data": {
      "text/html": [
       "<div>\n",
       "<style scoped>\n",
       "    .dataframe tbody tr th:only-of-type {\n",
       "        vertical-align: middle;\n",
       "    }\n",
       "\n",
       "    .dataframe tbody tr th {\n",
       "        vertical-align: top;\n",
       "    }\n",
       "\n",
       "    .dataframe thead th {\n",
       "        text-align: right;\n",
       "    }\n",
       "</style>\n",
       "<table border=\"1\" class=\"dataframe\">\n",
       "  <thead>\n",
       "    <tr style=\"text-align: right;\">\n",
       "      <th></th>\n",
       "      <th>animal name</th>\n",
       "      <th>hair</th>\n",
       "      <th>feathers</th>\n",
       "      <th>eggs</th>\n",
       "      <th>milk</th>\n",
       "      <th>airborne</th>\n",
       "      <th>aquatic</th>\n",
       "      <th>predator</th>\n",
       "      <th>toothed</th>\n",
       "      <th>backbone</th>\n",
       "      <th>breathes</th>\n",
       "      <th>venomous</th>\n",
       "      <th>fins</th>\n",
       "      <th>legs</th>\n",
       "      <th>tail</th>\n",
       "      <th>domestic</th>\n",
       "      <th>catsize</th>\n",
       "      <th>type</th>\n",
       "    </tr>\n",
       "  </thead>\n",
       "  <tbody>\n",
       "  </tbody>\n",
       "</table>\n",
       "</div>"
      ],
      "text/plain": [
       "Empty DataFrame\n",
       "Columns: [animal name, hair, feathers, eggs, milk, airborne, aquatic, predator, toothed, backbone, breathes, venomous, fins, legs, tail, domestic, catsize, type]\n",
       "Index: []"
      ]
     },
     "execution_count": 4,
     "metadata": {},
     "output_type": "execute_result"
    }
   ],
   "source": [
    "data[data.duplicated()]"
   ]
  },
  {
   "cell_type": "markdown",
   "id": "837166fe-b76f-4d16-9d51-5878ce68548a",
   "metadata": {},
   "source": [
    "## Visualising the data"
   ]
  },
  {
   "cell_type": "code",
   "execution_count": 5,
   "id": "5a83e618-8205-4bc9-89b7-91408a212287",
   "metadata": {},
   "outputs": [],
   "source": [
    "# As the data is in OneHotCoded format visualisation is bit tricky"
   ]
  },
  {
   "cell_type": "code",
   "execution_count": 6,
   "id": "d229015f-4b6a-45d3-8341-72bdae5c55d3",
   "metadata": {},
   "outputs": [
    {
     "data": {
      "text/html": [
       "<div>\n",
       "<style scoped>\n",
       "    .dataframe tbody tr th:only-of-type {\n",
       "        vertical-align: middle;\n",
       "    }\n",
       "\n",
       "    .dataframe tbody tr th {\n",
       "        vertical-align: top;\n",
       "    }\n",
       "\n",
       "    .dataframe thead th {\n",
       "        text-align: right;\n",
       "    }\n",
       "</style>\n",
       "<table border=\"1\" class=\"dataframe\">\n",
       "  <thead>\n",
       "    <tr style=\"text-align: right;\">\n",
       "      <th></th>\n",
       "      <th>hair</th>\n",
       "      <th>feathers</th>\n",
       "      <th>eggs</th>\n",
       "      <th>milk</th>\n",
       "      <th>airborne</th>\n",
       "      <th>aquatic</th>\n",
       "      <th>predator</th>\n",
       "      <th>toothed</th>\n",
       "      <th>backbone</th>\n",
       "      <th>breathes</th>\n",
       "      <th>venomous</th>\n",
       "      <th>fins</th>\n",
       "      <th>legs</th>\n",
       "      <th>tail</th>\n",
       "      <th>domestic</th>\n",
       "      <th>catsize</th>\n",
       "      <th>type</th>\n",
       "    </tr>\n",
       "  </thead>\n",
       "  <tbody>\n",
       "    <tr>\n",
       "      <th>hair</th>\n",
       "      <td>1.000000</td>\n",
       "      <td>-0.427851</td>\n",
       "      <td>-0.817382</td>\n",
       "      <td>0.878503</td>\n",
       "      <td>-0.198431</td>\n",
       "      <td>-0.473554</td>\n",
       "      <td>-0.154769</td>\n",
       "      <td>0.492531</td>\n",
       "      <td>0.191681</td>\n",
       "      <td>0.441149</td>\n",
       "      <td>-0.104245</td>\n",
       "      <td>-0.280313</td>\n",
       "      <td>0.394009</td>\n",
       "      <td>0.048973</td>\n",
       "      <td>0.207208</td>\n",
       "      <td>0.455020</td>\n",
       "      <td>-0.562384</td>\n",
       "    </tr>\n",
       "    <tr>\n",
       "      <th>feathers</th>\n",
       "      <td>-0.427851</td>\n",
       "      <td>1.000000</td>\n",
       "      <td>0.419248</td>\n",
       "      <td>-0.410761</td>\n",
       "      <td>0.656553</td>\n",
       "      <td>-0.058552</td>\n",
       "      <td>-0.104430</td>\n",
       "      <td>-0.613631</td>\n",
       "      <td>0.231403</td>\n",
       "      <td>0.254588</td>\n",
       "      <td>-0.145739</td>\n",
       "      <td>-0.223541</td>\n",
       "      <td>-0.206686</td>\n",
       "      <td>0.292569</td>\n",
       "      <td>0.031586</td>\n",
       "      <td>-0.135934</td>\n",
       "      <td>-0.197520</td>\n",
       "    </tr>\n",
       "    <tr>\n",
       "      <th>eggs</th>\n",
       "      <td>-0.817382</td>\n",
       "      <td>0.419248</td>\n",
       "      <td>1.000000</td>\n",
       "      <td>-0.938848</td>\n",
       "      <td>0.376646</td>\n",
       "      <td>0.376244</td>\n",
       "      <td>0.011605</td>\n",
       "      <td>-0.642150</td>\n",
       "      <td>-0.340420</td>\n",
       "      <td>-0.382777</td>\n",
       "      <td>0.098689</td>\n",
       "      <td>0.164796</td>\n",
       "      <td>-0.224918</td>\n",
       "      <td>-0.221090</td>\n",
       "      <td>-0.155610</td>\n",
       "      <td>-0.514650</td>\n",
       "      <td>0.661825</td>\n",
       "    </tr>\n",
       "    <tr>\n",
       "      <th>milk</th>\n",
       "      <td>0.878503</td>\n",
       "      <td>-0.410761</td>\n",
       "      <td>-0.938848</td>\n",
       "      <td>1.000000</td>\n",
       "      <td>-0.366765</td>\n",
       "      <td>-0.362613</td>\n",
       "      <td>-0.029721</td>\n",
       "      <td>0.628168</td>\n",
       "      <td>0.384958</td>\n",
       "      <td>0.423527</td>\n",
       "      <td>-0.242449</td>\n",
       "      <td>-0.156328</td>\n",
       "      <td>0.214196</td>\n",
       "      <td>0.210026</td>\n",
       "      <td>0.163928</td>\n",
       "      <td>0.574906</td>\n",
       "      <td>-0.723683</td>\n",
       "    </tr>\n",
       "    <tr>\n",
       "      <th>airborne</th>\n",
       "      <td>-0.198431</td>\n",
       "      <td>0.656553</td>\n",
       "      <td>0.376646</td>\n",
       "      <td>-0.366765</td>\n",
       "      <td>1.000000</td>\n",
       "      <td>-0.172638</td>\n",
       "      <td>-0.295181</td>\n",
       "      <td>-0.594311</td>\n",
       "      <td>-0.104718</td>\n",
       "      <td>0.286039</td>\n",
       "      <td>0.008528</td>\n",
       "      <td>-0.251157</td>\n",
       "      <td>0.043712</td>\n",
       "      <td>0.009482</td>\n",
       "      <td>0.063274</td>\n",
       "      <td>-0.349768</td>\n",
       "      <td>0.022677</td>\n",
       "    </tr>\n",
       "    <tr>\n",
       "      <th>aquatic</th>\n",
       "      <td>-0.473554</td>\n",
       "      <td>-0.058552</td>\n",
       "      <td>0.376244</td>\n",
       "      <td>-0.362613</td>\n",
       "      <td>-0.172638</td>\n",
       "      <td>1.000000</td>\n",
       "      <td>0.375978</td>\n",
       "      <td>0.053150</td>\n",
       "      <td>0.022463</td>\n",
       "      <td>-0.637506</td>\n",
       "      <td>0.087915</td>\n",
       "      <td>0.604492</td>\n",
       "      <td>-0.360638</td>\n",
       "      <td>-0.034642</td>\n",
       "      <td>-0.224308</td>\n",
       "      <td>-0.111866</td>\n",
       "      <td>0.326639</td>\n",
       "    </tr>\n",
       "    <tr>\n",
       "      <th>predator</th>\n",
       "      <td>-0.154769</td>\n",
       "      <td>-0.104430</td>\n",
       "      <td>0.011605</td>\n",
       "      <td>-0.029721</td>\n",
       "      <td>-0.295181</td>\n",
       "      <td>0.375978</td>\n",
       "      <td>1.000000</td>\n",
       "      <td>0.129452</td>\n",
       "      <td>0.051022</td>\n",
       "      <td>-0.262931</td>\n",
       "      <td>0.115391</td>\n",
       "      <td>0.190302</td>\n",
       "      <td>-0.099723</td>\n",
       "      <td>0.018947</td>\n",
       "      <td>-0.309794</td>\n",
       "      <td>0.144790</td>\n",
       "      <td>0.061179</td>\n",
       "    </tr>\n",
       "    <tr>\n",
       "      <th>toothed</th>\n",
       "      <td>0.492531</td>\n",
       "      <td>-0.613631</td>\n",
       "      <td>-0.642150</td>\n",
       "      <td>0.628168</td>\n",
       "      <td>-0.594311</td>\n",
       "      <td>0.053150</td>\n",
       "      <td>0.129452</td>\n",
       "      <td>1.000000</td>\n",
       "      <td>0.575085</td>\n",
       "      <td>-0.065690</td>\n",
       "      <td>-0.062344</td>\n",
       "      <td>0.364292</td>\n",
       "      <td>-0.193476</td>\n",
       "      <td>0.310368</td>\n",
       "      <td>0.069430</td>\n",
       "      <td>0.344010</td>\n",
       "      <td>-0.471527</td>\n",
       "    </tr>\n",
       "    <tr>\n",
       "      <th>backbone</th>\n",
       "      <td>0.191681</td>\n",
       "      <td>0.231403</td>\n",
       "      <td>-0.340420</td>\n",
       "      <td>0.384958</td>\n",
       "      <td>-0.104718</td>\n",
       "      <td>0.022463</td>\n",
       "      <td>0.051022</td>\n",
       "      <td>0.575085</td>\n",
       "      <td>1.000000</td>\n",
       "      <td>0.207666</td>\n",
       "      <td>-0.246611</td>\n",
       "      <td>0.209499</td>\n",
       "      <td>-0.432856</td>\n",
       "      <td>0.731762</td>\n",
       "      <td>0.101733</td>\n",
       "      <td>0.356976</td>\n",
       "      <td>-0.828845</td>\n",
       "    </tr>\n",
       "    <tr>\n",
       "      <th>breathes</th>\n",
       "      <td>0.441149</td>\n",
       "      <td>0.254588</td>\n",
       "      <td>-0.382777</td>\n",
       "      <td>0.423527</td>\n",
       "      <td>0.286039</td>\n",
       "      <td>-0.637506</td>\n",
       "      <td>-0.262931</td>\n",
       "      <td>-0.065690</td>\n",
       "      <td>0.207666</td>\n",
       "      <td>1.000000</td>\n",
       "      <td>-0.120752</td>\n",
       "      <td>-0.617219</td>\n",
       "      <td>0.369868</td>\n",
       "      <td>0.088952</td>\n",
       "      <td>0.124068</td>\n",
       "      <td>0.204125</td>\n",
       "      <td>-0.519308</td>\n",
       "    </tr>\n",
       "    <tr>\n",
       "      <th>venomous</th>\n",
       "      <td>-0.104245</td>\n",
       "      <td>-0.145739</td>\n",
       "      <td>0.098689</td>\n",
       "      <td>-0.242449</td>\n",
       "      <td>0.008528</td>\n",
       "      <td>0.087915</td>\n",
       "      <td>0.115391</td>\n",
       "      <td>-0.062344</td>\n",
       "      <td>-0.246611</td>\n",
       "      <td>-0.120752</td>\n",
       "      <td>1.000000</td>\n",
       "      <td>-0.033956</td>\n",
       "      <td>0.022964</td>\n",
       "      <td>-0.162724</td>\n",
       "      <td>-0.003252</td>\n",
       "      <td>-0.183748</td>\n",
       "      <td>0.321476</td>\n",
       "    </tr>\n",
       "    <tr>\n",
       "      <th>fins</th>\n",
       "      <td>-0.280313</td>\n",
       "      <td>-0.223541</td>\n",
       "      <td>0.164796</td>\n",
       "      <td>-0.156328</td>\n",
       "      <td>-0.251157</td>\n",
       "      <td>0.604492</td>\n",
       "      <td>0.190302</td>\n",
       "      <td>0.364292</td>\n",
       "      <td>0.209499</td>\n",
       "      <td>-0.617219</td>\n",
       "      <td>-0.033956</td>\n",
       "      <td>1.000000</td>\n",
       "      <td>-0.605652</td>\n",
       "      <td>0.204349</td>\n",
       "      <td>-0.093887</td>\n",
       "      <td>0.031705</td>\n",
       "      <td>0.099430</td>\n",
       "    </tr>\n",
       "    <tr>\n",
       "      <th>legs</th>\n",
       "      <td>0.394009</td>\n",
       "      <td>-0.206686</td>\n",
       "      <td>-0.224918</td>\n",
       "      <td>0.214196</td>\n",
       "      <td>0.043712</td>\n",
       "      <td>-0.360638</td>\n",
       "      <td>-0.099723</td>\n",
       "      <td>-0.193476</td>\n",
       "      <td>-0.432856</td>\n",
       "      <td>0.369868</td>\n",
       "      <td>0.022964</td>\n",
       "      <td>-0.605652</td>\n",
       "      <td>1.000000</td>\n",
       "      <td>-0.348295</td>\n",
       "      <td>0.073931</td>\n",
       "      <td>0.068791</td>\n",
       "      <td>0.131693</td>\n",
       "    </tr>\n",
       "    <tr>\n",
       "      <th>tail</th>\n",
       "      <td>0.048973</td>\n",
       "      <td>0.292569</td>\n",
       "      <td>-0.221090</td>\n",
       "      <td>0.210026</td>\n",
       "      <td>0.009482</td>\n",
       "      <td>-0.034642</td>\n",
       "      <td>0.018947</td>\n",
       "      <td>0.310368</td>\n",
       "      <td>0.731762</td>\n",
       "      <td>0.088952</td>\n",
       "      <td>-0.162724</td>\n",
       "      <td>0.204349</td>\n",
       "      <td>-0.348295</td>\n",
       "      <td>1.000000</td>\n",
       "      <td>0.023434</td>\n",
       "      <td>0.243277</td>\n",
       "      <td>-0.631830</td>\n",
       "    </tr>\n",
       "    <tr>\n",
       "      <th>domestic</th>\n",
       "      <td>0.207208</td>\n",
       "      <td>0.031586</td>\n",
       "      <td>-0.155610</td>\n",
       "      <td>0.163928</td>\n",
       "      <td>0.063274</td>\n",
       "      <td>-0.224308</td>\n",
       "      <td>-0.309794</td>\n",
       "      <td>0.069430</td>\n",
       "      <td>0.101733</td>\n",
       "      <td>0.124068</td>\n",
       "      <td>-0.003252</td>\n",
       "      <td>-0.093887</td>\n",
       "      <td>0.073931</td>\n",
       "      <td>0.023434</td>\n",
       "      <td>1.000000</td>\n",
       "      <td>0.020073</td>\n",
       "      <td>-0.181043</td>\n",
       "    </tr>\n",
       "    <tr>\n",
       "      <th>catsize</th>\n",
       "      <td>0.455020</td>\n",
       "      <td>-0.135934</td>\n",
       "      <td>-0.514650</td>\n",
       "      <td>0.574906</td>\n",
       "      <td>-0.349768</td>\n",
       "      <td>-0.111866</td>\n",
       "      <td>0.144790</td>\n",
       "      <td>0.344010</td>\n",
       "      <td>0.356976</td>\n",
       "      <td>0.204125</td>\n",
       "      <td>-0.183748</td>\n",
       "      <td>0.031705</td>\n",
       "      <td>0.068791</td>\n",
       "      <td>0.243277</td>\n",
       "      <td>0.020073</td>\n",
       "      <td>1.000000</td>\n",
       "      <td>-0.521030</td>\n",
       "    </tr>\n",
       "    <tr>\n",
       "      <th>type</th>\n",
       "      <td>-0.562384</td>\n",
       "      <td>-0.197520</td>\n",
       "      <td>0.661825</td>\n",
       "      <td>-0.723683</td>\n",
       "      <td>0.022677</td>\n",
       "      <td>0.326639</td>\n",
       "      <td>0.061179</td>\n",
       "      <td>-0.471527</td>\n",
       "      <td>-0.828845</td>\n",
       "      <td>-0.519308</td>\n",
       "      <td>0.321476</td>\n",
       "      <td>0.099430</td>\n",
       "      <td>0.131693</td>\n",
       "      <td>-0.631830</td>\n",
       "      <td>-0.181043</td>\n",
       "      <td>-0.521030</td>\n",
       "      <td>1.000000</td>\n",
       "    </tr>\n",
       "  </tbody>\n",
       "</table>\n",
       "</div>"
      ],
      "text/plain": [
       "              hair  feathers      eggs      milk  airborne   aquatic  \\\n",
       "hair      1.000000 -0.427851 -0.817382  0.878503 -0.198431 -0.473554   \n",
       "feathers -0.427851  1.000000  0.419248 -0.410761  0.656553 -0.058552   \n",
       "eggs     -0.817382  0.419248  1.000000 -0.938848  0.376646  0.376244   \n",
       "milk      0.878503 -0.410761 -0.938848  1.000000 -0.366765 -0.362613   \n",
       "airborne -0.198431  0.656553  0.376646 -0.366765  1.000000 -0.172638   \n",
       "aquatic  -0.473554 -0.058552  0.376244 -0.362613 -0.172638  1.000000   \n",
       "predator -0.154769 -0.104430  0.011605 -0.029721 -0.295181  0.375978   \n",
       "toothed   0.492531 -0.613631 -0.642150  0.628168 -0.594311  0.053150   \n",
       "backbone  0.191681  0.231403 -0.340420  0.384958 -0.104718  0.022463   \n",
       "breathes  0.441149  0.254588 -0.382777  0.423527  0.286039 -0.637506   \n",
       "venomous -0.104245 -0.145739  0.098689 -0.242449  0.008528  0.087915   \n",
       "fins     -0.280313 -0.223541  0.164796 -0.156328 -0.251157  0.604492   \n",
       "legs      0.394009 -0.206686 -0.224918  0.214196  0.043712 -0.360638   \n",
       "tail      0.048973  0.292569 -0.221090  0.210026  0.009482 -0.034642   \n",
       "domestic  0.207208  0.031586 -0.155610  0.163928  0.063274 -0.224308   \n",
       "catsize   0.455020 -0.135934 -0.514650  0.574906 -0.349768 -0.111866   \n",
       "type     -0.562384 -0.197520  0.661825 -0.723683  0.022677  0.326639   \n",
       "\n",
       "          predator   toothed  backbone  breathes  venomous      fins  \\\n",
       "hair     -0.154769  0.492531  0.191681  0.441149 -0.104245 -0.280313   \n",
       "feathers -0.104430 -0.613631  0.231403  0.254588 -0.145739 -0.223541   \n",
       "eggs      0.011605 -0.642150 -0.340420 -0.382777  0.098689  0.164796   \n",
       "milk     -0.029721  0.628168  0.384958  0.423527 -0.242449 -0.156328   \n",
       "airborne -0.295181 -0.594311 -0.104718  0.286039  0.008528 -0.251157   \n",
       "aquatic   0.375978  0.053150  0.022463 -0.637506  0.087915  0.604492   \n",
       "predator  1.000000  0.129452  0.051022 -0.262931  0.115391  0.190302   \n",
       "toothed   0.129452  1.000000  0.575085 -0.065690 -0.062344  0.364292   \n",
       "backbone  0.051022  0.575085  1.000000  0.207666 -0.246611  0.209499   \n",
       "breathes -0.262931 -0.065690  0.207666  1.000000 -0.120752 -0.617219   \n",
       "venomous  0.115391 -0.062344 -0.246611 -0.120752  1.000000 -0.033956   \n",
       "fins      0.190302  0.364292  0.209499 -0.617219 -0.033956  1.000000   \n",
       "legs     -0.099723 -0.193476 -0.432856  0.369868  0.022964 -0.605652   \n",
       "tail      0.018947  0.310368  0.731762  0.088952 -0.162724  0.204349   \n",
       "domestic -0.309794  0.069430  0.101733  0.124068 -0.003252 -0.093887   \n",
       "catsize   0.144790  0.344010  0.356976  0.204125 -0.183748  0.031705   \n",
       "type      0.061179 -0.471527 -0.828845 -0.519308  0.321476  0.099430   \n",
       "\n",
       "              legs      tail  domestic   catsize      type  \n",
       "hair      0.394009  0.048973  0.207208  0.455020 -0.562384  \n",
       "feathers -0.206686  0.292569  0.031586 -0.135934 -0.197520  \n",
       "eggs     -0.224918 -0.221090 -0.155610 -0.514650  0.661825  \n",
       "milk      0.214196  0.210026  0.163928  0.574906 -0.723683  \n",
       "airborne  0.043712  0.009482  0.063274 -0.349768  0.022677  \n",
       "aquatic  -0.360638 -0.034642 -0.224308 -0.111866  0.326639  \n",
       "predator -0.099723  0.018947 -0.309794  0.144790  0.061179  \n",
       "toothed  -0.193476  0.310368  0.069430  0.344010 -0.471527  \n",
       "backbone -0.432856  0.731762  0.101733  0.356976 -0.828845  \n",
       "breathes  0.369868  0.088952  0.124068  0.204125 -0.519308  \n",
       "venomous  0.022964 -0.162724 -0.003252 -0.183748  0.321476  \n",
       "fins     -0.605652  0.204349 -0.093887  0.031705  0.099430  \n",
       "legs      1.000000 -0.348295  0.073931  0.068791  0.131693  \n",
       "tail     -0.348295  1.000000  0.023434  0.243277 -0.631830  \n",
       "domestic  0.073931  0.023434  1.000000  0.020073 -0.181043  \n",
       "catsize   0.068791  0.243277  0.020073  1.000000 -0.521030  \n",
       "type      0.131693 -0.631830 -0.181043 -0.521030  1.000000  "
      ]
     },
     "execution_count": 6,
     "metadata": {},
     "output_type": "execute_result"
    }
   ],
   "source": [
    "data.corr()\n",
    "# Columns don't seems to be following Linear Co-rrelation "
   ]
  },
  {
   "cell_type": "markdown",
   "id": "407d8b97-8adc-4aa3-b8e2-4b735a06124c",
   "metadata": {},
   "source": [
    "## Using KNN Model"
   ]
  },
  {
   "cell_type": "code",
   "execution_count": 7,
   "id": "5fb2da83-fb80-4448-b32d-92b3c348c412",
   "metadata": {},
   "outputs": [],
   "source": [
    "X = data.iloc[:, 1:17]\n",
    "Y = data.iloc[:, -1] # -1 means last column"
   ]
  },
  {
   "cell_type": "code",
   "execution_count": 8,
   "id": "f95dbc1e-3982-4d09-a663-136bc9adad28",
   "metadata": {
    "id": "2QXzmAFH65Rw"
   },
   "outputs": [],
   "source": [
    "model = KNeighborsClassifier(n_neighbors = 10)"
   ]
  },
  {
   "cell_type": "code",
   "execution_count": 9,
   "id": "11d2d8a1-a6b7-4584-8db5-72862055a98b",
   "metadata": {},
   "outputs": [
    {
     "data": {
      "text/html": [
       "<style>#sk-container-id-1 {color: black;background-color: white;}#sk-container-id-1 pre{padding: 0;}#sk-container-id-1 div.sk-toggleable {background-color: white;}#sk-container-id-1 label.sk-toggleable__label {cursor: pointer;display: block;width: 100%;margin-bottom: 0;padding: 0.3em;box-sizing: border-box;text-align: center;}#sk-container-id-1 label.sk-toggleable__label-arrow:before {content: \"▸\";float: left;margin-right: 0.25em;color: #696969;}#sk-container-id-1 label.sk-toggleable__label-arrow:hover:before {color: black;}#sk-container-id-1 div.sk-estimator:hover label.sk-toggleable__label-arrow:before {color: black;}#sk-container-id-1 div.sk-toggleable__content {max-height: 0;max-width: 0;overflow: hidden;text-align: left;background-color: #f0f8ff;}#sk-container-id-1 div.sk-toggleable__content pre {margin: 0.2em;color: black;border-radius: 0.25em;background-color: #f0f8ff;}#sk-container-id-1 input.sk-toggleable__control:checked~div.sk-toggleable__content {max-height: 200px;max-width: 100%;overflow: auto;}#sk-container-id-1 input.sk-toggleable__control:checked~label.sk-toggleable__label-arrow:before {content: \"▾\";}#sk-container-id-1 div.sk-estimator input.sk-toggleable__control:checked~label.sk-toggleable__label {background-color: #d4ebff;}#sk-container-id-1 div.sk-label input.sk-toggleable__control:checked~label.sk-toggleable__label {background-color: #d4ebff;}#sk-container-id-1 input.sk-hidden--visually {border: 0;clip: rect(1px 1px 1px 1px);clip: rect(1px, 1px, 1px, 1px);height: 1px;margin: -1px;overflow: hidden;padding: 0;position: absolute;width: 1px;}#sk-container-id-1 div.sk-estimator {font-family: monospace;background-color: #f0f8ff;border: 1px dotted black;border-radius: 0.25em;box-sizing: border-box;margin-bottom: 0.5em;}#sk-container-id-1 div.sk-estimator:hover {background-color: #d4ebff;}#sk-container-id-1 div.sk-parallel-item::after {content: \"\";width: 100%;border-bottom: 1px solid gray;flex-grow: 1;}#sk-container-id-1 div.sk-label:hover label.sk-toggleable__label {background-color: #d4ebff;}#sk-container-id-1 div.sk-serial::before {content: \"\";position: absolute;border-left: 1px solid gray;box-sizing: border-box;top: 0;bottom: 0;left: 50%;z-index: 0;}#sk-container-id-1 div.sk-serial {display: flex;flex-direction: column;align-items: center;background-color: white;padding-right: 0.2em;padding-left: 0.2em;position: relative;}#sk-container-id-1 div.sk-item {position: relative;z-index: 1;}#sk-container-id-1 div.sk-parallel {display: flex;align-items: stretch;justify-content: center;background-color: white;position: relative;}#sk-container-id-1 div.sk-item::before, #sk-container-id-1 div.sk-parallel-item::before {content: \"\";position: absolute;border-left: 1px solid gray;box-sizing: border-box;top: 0;bottom: 0;left: 50%;z-index: -1;}#sk-container-id-1 div.sk-parallel-item {display: flex;flex-direction: column;z-index: 1;position: relative;background-color: white;}#sk-container-id-1 div.sk-parallel-item:first-child::after {align-self: flex-end;width: 50%;}#sk-container-id-1 div.sk-parallel-item:last-child::after {align-self: flex-start;width: 50%;}#sk-container-id-1 div.sk-parallel-item:only-child::after {width: 0;}#sk-container-id-1 div.sk-dashed-wrapped {border: 1px dashed gray;margin: 0 0.4em 0.5em 0.4em;box-sizing: border-box;padding-bottom: 0.4em;background-color: white;}#sk-container-id-1 div.sk-label label {font-family: monospace;font-weight: bold;display: inline-block;line-height: 1.2em;}#sk-container-id-1 div.sk-label-container {text-align: center;}#sk-container-id-1 div.sk-container {/* jupyter's `normalize.less` sets `[hidden] { display: none; }` but bootstrap.min.css set `[hidden] { display: none !important; }` so we also need the `!important` here to be able to override the default hidden behavior on the sphinx rendered scikit-learn.org. See: https://github.com/scikit-learn/scikit-learn/issues/21755 */display: inline-block !important;position: relative;}#sk-container-id-1 div.sk-text-repr-fallback {display: none;}</style><div id=\"sk-container-id-1\" class=\"sk-top-container\"><div class=\"sk-text-repr-fallback\"><pre>KNeighborsClassifier(n_neighbors=10)</pre><b>In a Jupyter environment, please rerun this cell to show the HTML representation or trust the notebook. <br />On GitHub, the HTML representation is unable to render, please try loading this page with nbviewer.org.</b></div><div class=\"sk-container\" hidden><div class=\"sk-item\"><div class=\"sk-estimator sk-toggleable\"><input class=\"sk-toggleable__control sk-hidden--visually\" id=\"sk-estimator-id-1\" type=\"checkbox\" checked><label for=\"sk-estimator-id-1\" class=\"sk-toggleable__label sk-toggleable__label-arrow\">KNeighborsClassifier</label><div class=\"sk-toggleable__content\"><pre>KNeighborsClassifier(n_neighbors=10)</pre></div></div></div></div></div>"
      ],
      "text/plain": [
       "KNeighborsClassifier(n_neighbors=10)"
      ]
     },
     "execution_count": 9,
     "metadata": {},
     "output_type": "execute_result"
    }
   ],
   "source": [
    "model.fit(X,Y)"
   ]
  },
  {
   "cell_type": "code",
   "execution_count": 10,
   "id": "52870d87-2512-49bf-abb8-982d14de00c4",
   "metadata": {
    "id": "K6cF5Mh265Rw"
   },
   "outputs": [],
   "source": [
    "# Using Kfold for average accuracy\n",
    "kfold = KFold(n_splits=10)\n",
    "results = cross_val_score(model, X, Y, cv = kfold)"
   ]
  },
  {
   "cell_type": "code",
   "execution_count": 11,
   "id": "642bfd4f-0b43-420b-990e-746c2cd8deb5",
   "metadata": {},
   "outputs": [
    {
     "data": {
      "text/plain": [
       "array([1. , 0.6, 0.8, 1. , 0.9, 0.8, 0.8, 0.5, 0.6, 0.8])"
      ]
     },
     "execution_count": 11,
     "metadata": {},
     "output_type": "execute_result"
    }
   ],
   "source": [
    "results"
   ]
  },
  {
   "cell_type": "code",
   "execution_count": 12,
   "id": "c71c4789-e684-412d-8011-83b0cc359701",
   "metadata": {
    "colab": {
     "base_uri": "https://localhost:8080/"
    },
    "executionInfo": {
     "elapsed": 6,
     "status": "ok",
     "timestamp": 1626503958750,
     "user": {
      "displayName": "Jaspal Singh Jhass",
      "photoUrl": "",
      "userId": "14870781376371902378"
     },
     "user_tz": -330
    },
    "id": "ATXY5kcZ65Rx",
    "outputId": "c00c79e6-5082-4c78-e4f7-edd086ecd15a"
   },
   "outputs": [
    {
     "data": {
      "text/plain": [
       "0.78"
      ]
     },
     "execution_count": 12,
     "metadata": {},
     "output_type": "execute_result"
    }
   ],
   "source": [
    "results.mean()"
   ]
  },
  {
   "cell_type": "code",
   "execution_count": 13,
   "id": "38db4f4a-8c03-4526-9f92-97881303eb94",
   "metadata": {
    "tags": []
   },
   "outputs": [],
   "source": [
    "# Avg accuracy is good in this case(with n_neighbors=10)"
   ]
  },
  {
   "cell_type": "markdown",
   "id": "07d667a8-a7aa-4d04-a2c1-f2d96096059f",
   "metadata": {},
   "source": [
    "## Using Train test split"
   ]
  },
  {
   "cell_type": "code",
   "execution_count": 14,
   "id": "abda47e6-6d24-475d-95bf-ad0e1eceba01",
   "metadata": {},
   "outputs": [],
   "source": [
    "from sklearn.model_selection import train_test_split\n",
    "from sklearn.metrics import classification_report, accuracy_score, confusion_matrix\n",
    "\n",
    "X_train, X_test, y_train, y_test = train_test_split(X,Y, test_size = 0.3)"
   ]
  },
  {
   "cell_type": "code",
   "execution_count": 15,
   "id": "0972b77d-124e-42b0-bf27-acc047506687",
   "metadata": {
    "id": "2QXzmAFH65Rw"
   },
   "outputs": [],
   "source": [
    "model = KNeighborsClassifier(n_neighbors = 8)"
   ]
  },
  {
   "cell_type": "code",
   "execution_count": 16,
   "id": "4ba26570-776d-4d7d-883c-6ce54e7d2b56",
   "metadata": {},
   "outputs": [
    {
     "data": {
      "text/html": [
